1000
1
0;499500;249402;
21544;499500;245499;
9031;499500;239401;

2
2778;250401;999;
2084;246498;999;
2015;240400;999;

3
2660;499500;999;
0;499500;999;
0;499500;999;

10000
1
331049;49995000;25105717;
350512;49995000;25025903;
333724;49995000;24958514;

2
83326;25115716;9999;
100040;25035902;9999;
127102;24968513;9999;

3
204208;49995000;9999;
202070;49995000;9999;
193794;49995000;9999;

25000
1
2139995;312487500;155949160;
2117441;312487500;156209609;
2299119;312487500;156102920;

2
563368;155974159;24999;
611201;156234608;24999;
659598;156127919;24999;

3
1310054;312487500;24999;
1287086;312487500;24999;
1441005;312487500;24999;

50000
1
10389895;1249975000;624265154;
10153167;1249975000;624980727;
10096151;1249975000;624207219;

2
2644828;624315153;49999;
2554458;625030726;49999;
2617932;624257218;49999;

3
5817944;1249975000;49999;
5958652;1249975000;49999;
6276115;1249975000;49999;

75000
1
22367973;2812462500;1404151154;
20958670;2812462500;1404936796;
21069729;2812462500;1403017767;

2
5804097;1404226153;74999;
6234317;1405011795;74999;
5721402;1403092766;74999;

3
14624873;2812462500;74999;
14275758;2812462500;74999;
14254825;2812462500;74999;

100000
1
38744088;4999950000;2493416397;
40014251;4999950000;2498239670;
40339439;4999950000;2496635147;

2
9847464;2493516396;99999;
9892040;2498339669;99999;
10096654;2496735146;99999;

3
24478722;4999950000;99999;
26451601;4999950000;99999;
26578874;4999950000;99999;

125000
1
60991941;7812437500;3914504284;
62828381;7812437500;3907873746;
59246587;7812437500;3909443354;

2
14148156;3914629283;124999;
14837483;3907998745;124999;
14231178;3909568353;124999;

3
34941965;7812437500;124999;
35183145;7812437500;124999;
34984693;7812437500;124999;

150000
1
78844642;11249925000;5639858757;
82804959;11249925000;5620297143;
82234140;11249925000;5611784026;

2
21656698;5640008756;149999;
21317442;5620447142;149999;
21411580;5611934025;149999;

3
50593642;11249925000;149999;
53241744;11249925000;149999;
53000714;11249925000;149999;

175000
1
113531605;15312412500;7675033998;
112989142;15312412500;7629286529;
113947468;15312412500;7667910955;

2
30409395;7675208997;174999;
29978069;7629461528;174999;
29383673;7668085954;174999;

3
72084647;15312412500;174999;
71106651;15312412500;174999;
73277405;15312412500;174999;

200000
1
148576286;19999900000;10006178220;
148002209;19999900000;10003403520;
152477394;19999900000;10021751419;

2
39237686;10006378219;199999;
38066414;10003603519;199999;
39176486;10021951418;199999;

3
91741650;19999900000;199999;
93849442;19999900000;199999;
93910256;19999900000;199999;

