1000
1
5436;499500;247093;
0;499500;250707;
20022;499500;244311;

2
2195;248092;999;
800;251706;999;
2396;245310;999;

3
1978;499500;999;
2010;499500;999;
0;499500;999;

10000
1
334927;49995000;25235970;
339523;49995000;25232207;
351451;49995000;24918055;

2
89959;25245969;9999;
113562;25242206;9999;
90584;24928054;9999;

3
205125;49995000;9999;
188857;49995000;9999;
197296;49995000;9999;

25000
1
2244284;312487500;156362932;
2430074;312487500;155602865;
2839738;312487500;156161979;

2
735572;156387931;24999;
727248;155627864;24999;
764544;156186978;24999;

3
1505820;312487500;24999;
1453894;312487500;24999;
1479986;312487500;24999;

50000
1
10503734;1249975000;626186754;
9970242;1249975000;624018426;
9816922;1249975000;625202188;

2
2699097;626236753;49999;
2638864;624068425;49999;
2540642;625252187;49999;

3
6283087;1249975000;49999;
6029875;1249975000;49999;
6146195;1249975000;49999;

75000
1
21818084;2812462500;1408799766;
21036237;2812462500;1409926882;
21366939;2812462500;1404401198;

2
5732123;1408874765;74999;
5670461;1410001881;74999;
5706469;1404476197;74999;

3
14490413;2812462500;74999;
15056979;2812462500;74999;
14954170;2812462500;74999;

100000
1
37698096;4999950000;2506906255;
39530594;4999950000;2492977464;
38921229;4999950000;2495242740;

2
9999908;2507006254;99999;
10048500;2493077463;99999;
10133001;2495342739;99999;

3
25011081;4999950000;99999;
26406005;4999950000;99999;
26126522;4999950000;99999;

125000
1
60488398;7812437500;3910149944;
62292982;7812437500;3914800065;
58236424;7812437500;3910936415;

2
15601415;3910274943;124999;
14110925;3914925064;124999;
14051832;3911061414;124999;

3
36500314;7812437500;124999;
36579185;7812437500;124999;
35919023;7812437500;124999;

150000
1
78966008;11249925000;5629704947;
77458821;11249925000;5628077270;
80982281;11249925000;5618773125;

2
20181459;5629854946;149999;
20739014;5628227269;149999;
21203780;5618923124;149999;

3
52588935;11249925000;149999;
53709675;11249925000;149999;
53647313;11249925000;149999;

175000
1
111372188;15312412500;7639774884;
111515126;15312412500;7655775850;
111887655;15312412500;7665997621;

2
29206768;7639949883;174999;
29829122;7655950849;174999;
29239941;7666172620;174999;

3
73164910;15312412500;174999;
73968436;15312412500;174999;
73677406;15312412500;174999;

200000
1
147416391;19999900000;10024422875;
147848743;19999900000;10008707315;
146906619;19999900000;9998751532;

2
39150900;10024622874;199999;
38385066;10008907314;199999;
38653609;9998951531;199999;

3
95815037;19999900000;199999;
95604197;19999900000;199999;
95595927;19999900000;199999;

