1000
1
18718;499500;499449;
17689;499500;499446;
8435;499500;499431;

2
4119;500448;999;
1058;500445;999;
0;500430;999;

3
0;499500;999;
0;499500;999;
0;499500;999;

10000
1
512788;49995000;49993524;
499697;49995000;49993411;
567134;49995000;49993490;

2
201174;50003523;9999;
206000;50003410;9999;
186636;50003489;9999;

3
218268;49995000;9999;
228038;49995000;9999;
238875;49995000;9999;

25000
1
4381775;312487500;312477992;
4663847;312487500;312477951;
4067414;312487500;312477991;

2
1264853;312502991;24999;
1410046;312502950;24999;
1669118;312502990;24999;

3
2445484;312487500;24999;
2537520;312487500;24999;
2228993;312487500;24999;

50000
1
17193359;1249975000;1249936766;
17234930;1249975000;1249936697;
15718625;1249975000;1249936624;

2
5601641;1249986765;49999;
5727366;1249986696;49999;
5304851;1249986623;49999;

3
8801426;1249975000;49999;
8781350;1249975000;49999;
8962869;1249975000;49999;

75000
1
34385771;2812462500;2812376394;
34554987;2812462500;2812376369;
33658091;2812462500;2812376840;

2
11626427;2812451393;74999;
12329170;2812451368;74999;
11650620;2812451839;74999;

3
19988475;2812462500;74999;
18666558;2812462500;74999;
19173763;2812462500;74999;

100000
1
58486419;4999950000;4999797305;
66744739;4999950000;4999798012;
100187076;4999950000;4999797473;

2
21841520;4999897304;99999;
23380534;4999898011;99999;
23555425;4999897472;99999;

3
36326670;4999950000;99999;
34080512;4999950000;99999;
32880706;4999950000;99999;

125000
1
93660314;7812437500;7812199294;
92098418;7812437500;7812199397;
93495488;7812437500;7812199166;

2
33715447;7812324293;124999;
32939664;7812324396;124999;
3622144534;7812324165;124999;

3
57736600;7812437500;124999;
51537149;7812437500;124999;
48655119;7812437500;124999;

150000
1
135966081;11249925000;11249580681;
135662316;11249925000;11249581478;
132673059;11249925000;11249582135;

2
46735873;11249730680;149999;
45080985;11249731477;149999;
42387442;11249732134;149999;

3
490927550;11249925000;149999;
63639961;11249925000;149999;
62940243;11249925000;149999;

175000
1
175045703;15312412500;15311946611;
175273051;15312412500;15311945985;
167297203;15312412500;15311944482;

2
57244897;15312121610;174999;
57049194;15312120984;174999;
56516799;15312119481;174999;

3
79383546;15312412500;174999;
79577353;15312412500;174999;
79241738;15312412500;174999;

200000
1
220754214;19999900000;19999290188;
219906828;19999900000;19999290218;
227880750;19999900000;19999289343;

2
83935806;19999490187;199999;
82630494;19999490217;199999;
82133764;19999489342;199999;

3
105270148;19999900000;199999;
106708917;19999900000;199999;
106725786;19999900000;199999;

