1000
1
16250;499500;238743;
0;499500;246142;
15192;499500;253099;

2
1059;239742;999;
1086;247141;999;
934;254098;999;

3
2314;499500;999;
996;499500;999;
0;499500;999;

10000
1
476570;49995000;25074721;
466949;49995000;24909768;
483612;49995000;24993614;

2
96097;25084720;9999;
96696;24919767;9999;
85744;25003613;9999;

3
186398;49995000;9999;
182934;49995000;9999;
178566;49995000;9999;

25000
1
3017717;312487500;155325852;
3874623;312487500;156471057;
4321745;312487500;156317038;

2
745743;155350851;24999;
785108;156496056;24999;
865086;156342037;24999;

3
1730003;312487500;24999;
1633499;312487500;24999;
1509332;312487500;24999;

50000
1
13472236;1249975000;628185711;
13387796;1249975000;627693675;
13520153;1249975000;624990506;

2
2477239;628235710;49999;
2539835;627743674;49999;
2582763;625040505;49999;

3
5068702;1249975000;49999;
5044933;1249975000;49999;
5474270;1249975000;49999;

75000
1
30495182;2812462500;1407185568;
29357261;2812462500;1403509398;
29968907;2812462500;1405238645;

2
5755267;1407260567;74999;
5495395;1403584397;74999;
5522366;1405313644;74999;

3
11234919;2812462500;74999;
10994245;2812462500;74999;
10932032;2812462500;74999;

100000
1
54191890;4999950000;2505692386;
54305213;4999950000;2498912703;
57898713;4999950000;2497154805;

2
12167918;2505792385;99999;
11089451;2499012702;99999;
11192117;2497254804;99999;

3
23021899;4999950000;99999;
23722209;4999950000;99999;
24198916;4999950000;99999;

125000
1
93805466;7812437500;3909215906;
88339970;7812437500;3900489822;
88315082;7812437500;3911277372;

2
17117783;3909340905;124999;
17653261;3900614821;124999;
17118036;3911402371;124999;

3
35105533;7812437500;124999;
34279476;7812437500;124999;
33952300;7812437500;124999;

150000
1
126131530;11249925000;5623622825;
127569564;11249925000;5633584063;
126460356;11249925000;5625371705;

2
24788469;5623772824;149999;
23630498;5633734062;149999;
23731932;5625521704;149999;

3
46888839;11249925000;149999;
46990161;11249925000;149999;
45826931;11249925000;149999;

175000
1
169296728;15312412500;7657330033;
179347138;15312412500;7645308178;
177917597;15312412500;7659563352;

2
32635480;7657505032;174999;
33015038;7645483177;174999;
31519947;7659738351;174999;

3
69157279;15312412500;174999;
68073741;15312412500;174999;
67443585;15312412500;174999;

200000
1
228649603;19999900000;10016181494;
235338729;19999900000;9989781932;
238160081;19999900000;9990056247;

2
45202743;10016381493;199999;
45362235;9989981931;199999;
46574355;9990256246;199999;

3
91307617;19999900000;199999;
87198473;19999900000;199999;
89739686;19999900000;199999;

