1000
4
3621;8707;0;
0;8731;0;
0;8689;0;

10000
4
12746;120511;0;
8032;120449;0;
14642;120454;0;

25000
4
26194;334214;0;
30467;334081;0;
26459;334115;0;

50000
4
65891;718089;0;
48784;718180;0;
66535;718312;0;

75000
4
90231;1121291;0;
83477;1121117;0;
96749;1120972;0;

100000
4
118311;1536645;0;
111134;1536380;0;
115873;1536399;0;

125000
4
166452;1958989;0;
133591;1959239;0;
124147;1959571;0;

150000
4
154675;2391645;0;
158150;2392477;0;
149364;2392533;0;

175000
4
195229;2830733;0;
180563;2830350;0;
189194;2830653;0;

200000
4
209361;3272533;0;
251675;3272807;0;
261094;3272859;0;

2000000
4
2474901;39347820;0;
2299902;39346439;0;
2300263;39347364;0;

