1000
1
0;499500;0;
0;499500;0;
15551;499500;0;

2
0;999;999;
0;999;999;
0;999;999;

3
3137;499500;999;
1998;499500;999;
0;499500;999;

10000
1
182000;49995000;0;
204708;49995000;0;
199755;49995000;0;

2
0;9999;9999;
0;9999;9999;
0;9999;9999;

3
182565;49995000;9999;
183184;49995000;9999;
198721;49995000;9999;

25000
1
1199800;312487500;0;
1184672;312487500;0;
1170832;312487500;0;

2
0;24999;24999;
0;24999;24999;
0;24999;24999;

3
1140712;312487500;24999;
1237140;312487500;24999;
1249055;312487500;24999;

50000
1
5373715;1249975000;0;
5435691;1249975000;0;
5467272;1249975000;0;

2
0;49999;49999;
0;49999;49999;
0;49999;49999;

3
5452810;1249975000;49999;
5063715;1249975000;49999;
5838485;1249975000;49999;

75000
1
13358583;2812462500;0;
11902884;2812462500;0;
12558330;2812462500;0;

2
0;74999;74999;
0;74999;74999;
0;74999;74999;

3
12505522;2812462500;74999;
13291172;2812462500;74999;
11755507;2812462500;74999;

100000
1
21103688;4999950000;0;
21405722;4999950000;0;
20468643;4999950000;0;

2
0;99999;99999;
0;99999;99999;
0;99999;99999;

3
20201137;4999950000;99999;
20211443;4999950000;99999;
21257568;4999950000;99999;

125000
1
33899475;7812437500;0;
31195209;7812437500;0;
31946338;7812437500;0;

2
16005;124999;124999;
0;124999;124999;
0;124999;124999;

3
32713768;7812437500;124999;
32208190;7812437500;124999;
32177773;7812437500;124999;

150000
1
46592458;11249925000;0;
46597038;11249925000;0;
45661590;11249925000;0;

2
0;149999;149999;
0;149999;149999;
0;149999;149999;

3
46458239;11249925000;149999;
46438015;11249925000;149999;
45444482;11249925000;149999;

175000
1
55816603;15312412500;0;
55761211;15312412500;0;
59976053;15312412500;0;

2
15773;174999;174999;
0;174999;174999;
0;174999;174999;

3
62971870;15312412500;174999;
62854003;15312412500;174999;
60133435;15312412500;174999;

200000
1
78475377;19999900000;0;
78375830;19999900000;0;
78434160;19999900000;0;

2
14640;199999;199999;
0;199999;199999;
0;199999;199999;

3
78743449;19999900000;199999;
78883647;19999900000;199999;
79067416;19999900000;199999;

